001101110000
001110110000
010101110000
010111010000
011001110000
011011100000
011100000011
011100000101
011100000110
011100001010
011100001100
011100010001
011100010010
011100010100
011100100001
011100100010
011100100100
011100101000
011100110000
011101000001
011101000010
011101000100
011101001000
011101010000
011101100000
011110000001
011110000010
011110000100
011110001000
011110010000
011110100000
011111000000
100110110000
100111010000
101010110000
101011100000
101100000011
101100000110
101100001001
101100001010
101100001100
101100010001
101100010010
101100011000
101100100001
101100100010
101100100100
101100101000
101100110000
101101000001
101101000010
101101000100
101101001000
101101010000
101101100000
101110000001
101110000010
101110000100
101110010000
101110100000
101111000000
110011010000
110011100000
110100000101
110100000110
110100001001
110100001010
110100001100
110100010001
110100010100
110100011000
110100100001
110100100010
110100100100
110100101000
110100110000
110101000001
110101000010
110101000100
110101001000
110101010000
110101100000
110110000001
110110000010
110110000100
110110001000
110110010000
110110100000
110111000000
111000000011
111000000101
111000000110
111000001001
111000001010
111000001100
111000010001
111000010010
111000010100
111000011000
111000100001
111000100010
111000100100
111000101000
111000110000
111001000001
111001000010
111001000100
111001001000
111001010000
111001100000
111010000001
111010000010
111010000100
111010001000
111010010000
111010100000
111011000000
000101111110
000110111110
000111011110
000111100111
000111101011
000111101101
001001111101
001010111101
001011010111
001011011011
001011011110
001011101101
001011101110
001101111100
001110111100
001111010110
001111011010
001111011100
001111100101
001111101001
001111101100
010001111011
010010110111
010010111101
010010111110
010011011011
010011101011
010011101110
010101111010
010110110110
010110111010
010110111100
010111011010
010111100011
010111101001
010111101010
011001111001
011010101101
011010110101
011010111001
011010111100
011011001011
011011010011
011011011001
011011011010
011011101001
011100010111
011100011011
011100011101
011100011110
011100100111
011100101011
011100101101
011100101110
011100110101
011100111100
011101000111
011101001011
011101001101
011101001110
011101010011
011101011010
011101101001
011101110001
011101110010
011101110100
011101111000
011110000111
011110001011
011110001101
011110001110
011110010110
011110011001
011110011010
011110011100
011110100101
011110101001
011110101010
011110101100
011110110001
011110110010
011110110100
011110111000
011111000011
011111001001
011111001010
011111001100
011111010001
011111010010
011111010100
011111011000
011111100001
011111100010
011111100100
011111101000
100001111011
100001111101
100001111110
100010110111
100011010111
100011100111
100101110110
100101111010
100101111100
100110110110
100111010110
100111100011
100111100101
100111100110
101001110101
101001111001
101001111100
101010110101
101011010011
101011010101
101011010110
101011100101
101100010111
101100011011
101100011101
101100011110
101100100111
101100101011
101100101101
101100101110
101100111001
101100111010
101100111100
101101000111
101101001011
101101001101
101101001110
101101010101
101101010110
101101011010
101101011100
101101100101
101101100110
101101101001
101101101100
101101110001
101101110010
101101110100
101101111000
101110000111
101110001011
101110001101
101110001110
101110010011
101110010110
101110100011
101110100101
101110110001
101110110010
101110110100
101110111000
101111000011
101111000101
101111000110
101111001100
101111010001
101111010010
101111010100
101111011000
101111100001
101111100010
101111100100
101111101000
110001110011
110001111001
110001111010
110010110011
110010110101
110010110110
110011010011
110011100011
110100010111
110100011011
110100011101
110100011110
110100100111
110100101011
110100101101
110100101110
110100110011
110100110110
110100111010
110100111100
110101000111
110101001011
110101001101
110101001110
110101011001
110101011010
110101011100
110101100011
110101100110
110101101001
110101101010
110101110001
110101110010
110101110100
110101111000
110110000111
110110001011
110110001101
110110001110
110110010101
110110010110
110110100011
110110100101
110110100110
110110101010
110110110001
110110110010
110110110100
110110111000
110111000011
110111000101
110111010001
110111010010
110111010100
110111011000
110111100001
110111100010
110111100100
110111101000
111000010111
111000011011
111000011101
111000011110
111000100111
111000101011
111000101101
111000101110
111000110011
111000110101
111000111001
111000111100
111001000111
111001001011
111001001101
111001001110
111001010011
111001010101
111001011001
111001011010
111001101001
111001101010
111001101100
111001110001
111001110010
111001110100
111001111000
111010000111
111010001011
111010001101
111010001110
111010010011
111010010101
111010010110
111010011001
111010100101
111010100110
111010101100
111010110001
111010110010
111010110100
111010111000
111011000011
111011000110
111011001010
111011010001
111011010010
111011010100
111011011000
111011100001
111011100010
111011100100
111011101000
