101100001010
101100101000
101110000010
101110100000
110100001100
110101001000
110110000100
110111000000
111000000110
111000001010
111000001100
111000100100
111000101000
111001000010
111001001000
111001100000
111010000010
111010000100
111010100000
111011000000
011100101101
011101001011
011101110001
011101110010
011101110100
011101111000
011110001011
011110001101
011110001110
011110011010
011110011100
011110101001
011110101100
011110110100
011110111000
011111001001
011111001010
011111010010
011111011000
011111100001
011111101000
101100101101
101101000111
101101001101
101101001110
101101010110
101101011100
101101100101
101101101100
101101110100
101101111000
101110000111
101110110001
101110110010
101110110100
101110111000
101111000101
101111000110
101111010010
101111010100
101111100001
101111100100
110100100111
110100101011
110100101110
110100110110
110100111010
110101001011
110101100011
110101101010
110101110010
110101111000
110110000111
110110100011
110110100101
110110100110
110110110010
110110110100
110111010001
110111010010
110111010100
110111011000
110111100001
110111100010
110111100100
111000010111
111000011011
111000011101
111000101110
111000110101
111000111001
111001001110
111001010011
111001011001
111001110001
111001111000
111010000111
111010010011
111010010101
111010110001
111010110100
111011010001
111011010010
111011100001
111011100010
111011100100
111011101000
001101111110
001110111101
001110111110
001111010111
001111011011
001111011110
001111100111
001111101011
001111101101
001111101110
010110110111
010110111101
010110111110
010111011011
010111011110
010111101011
010111101101
010111101110
011001111011
011010110111
011010111101
011010111110
011011011011
011011011101
011011011110
011011101011
011011101101
011100111101
011100111110
011101011011
011101101011
011101110011
011101110101
011101110110
011101111001
011101111010
011110001111
011110010111
011110011011
011110011101
011110011110
011110100111
011110101011
011110101101
011110101110
011110110101
011110110110
011110111001
011110111010
011110111100
011111001011
011111001101
011111001110
011111010011
011111010110
011111011001
011111011010
011111011100
011111100011
011111100101
011111101001
011111101010
011111101100
100101111011
100101111101
100101111110
100111100111
100111101110
101001111011
101001111101
101001111110
101010110111
101011010111
101011011110
101011100111
101011101101
101100111101
101100111110
101101001111
101101010111
101101011011
101101011101
101101011110
101101100111
101101101011
101101101101
101101101110
101101110101
101101110110
101101111001
101101111010
101101111100
101110010111
101110100111
101110110011
101110110101
101110110110
101110111010
101111000111
101111001101
101111001110
101111010011
101111010101
101111010110
101111011010
101111011100
101111100011
101111100101
101111100110
101111101001
101111101100
110001111011
110001111101
110001111110
110010110111
110010111110
110011010111
110011100111
110011101011
110100101111
110100110111
110100111011
110100111101
110100111110
110101011011
110101011110
110101100111
110101101011
110101101101
110101101110
110101110011
110101110110
110101111001
110101111010
110101111100
110110010111
110110100111
110110101011
110110101110
110110110011
110110110101
110110110110
110110111010
110110111100
110111000111
110111010011
110111010101
110111010110
110111011001
110111011100
110111100011
110111100101
110111100110
110111101001
110111101010
110111101100
111000011111
111000110111
111000111011
111000111101
111000111110
111001011011
111001011101
111001011110
111001101011
111001101101
111001101110
111001110011
111001110101
111001111001
111001111010
111001111100
111010010111
111010011011
111010011101
111010011110
111010100111
111010101101
111010101110
111010110011
111010110101
111010110110
111010111001
111010111010
111010111100
111011000111
111011001011
111011001110
111011010011
111011010101
111011010110
111011011001
111011011010
111011011100
111011100011
111011100101
111011100110
111011101001
111011101010
111011101100
111011110001
011101110111
011101111011
011101111101
011101111110
011110011111
011110101111
011110110111
011110111011
011110111101
011110111110
011111001111
011111010111
011111011011
011111011101
011111011110
011111100111
011111101011
011111101101
011111101110
101101011111
101101101111
101101110111
101101111011
101101111101
101101111110
101110110111
101110111011
101110111101
101110111110
101111001111
101111010111
101111011011
101111011101
101111011110
101111100111
101111101011
101111101101
101111101110
110100111111
110101101111
110101110111
110101111011
110101111101
110101111110
110110101111
110110110111
110110111011
110110111101
110110111110
110111010111
110111011011
110111011101
110111011110
110111100111
110111101011
110111101101
110111101110
111000111111
111001011111
111001110111
111001111011
111001111101
111001111110
111010110111
111010111011
111010111101
111010111110
111011010111
111011011011
111011011101
111011011110
111011100111
111011101011
111011101101
111011101110
011110111111
011111011111
011111101111
011111111011
011111111101
011111111110
101101111111
101111011111
101111101111
101111110111
101111111101
101111111110
110101111111
110110111111
110111101111
110111110111
110111111011
110111111110
111001111111
111010111111
111011011111
111011110111
111011111011
111011111101
011111111111
101111111111
110111111111
111011111111
